order_0123 [10, 0, 16, 0, 0, 0]
order_0132 [10, 0, 8, 0, 0, 0]
order_0213 [10, 0, 32, 0, 0, 0]
order_0231 [10, 0, 34, 0, 0, 0]
order_0312 [10, 0, 10, 0, 0, 0]
order_0321 [10, 0, 28, 0, 0, 0]
order_1023 [10, 0, 18, 0, 0, 0]
order_1032 [10, 0, 10, 0, 0, 0]
order_1203 [10, 0, 16, 0, 0, 0]
order_1230 [10, 0, 18, 0, 0, 0]
order_1302 [10, 0, 8, 0, 0, 0]
order_1320 [10, 0, 16, 0, 0, 0]
order_2013 [10, 0, 30, 0, 0, 0]
order_2031 [10, 0, 32, 0, 0, 0]
order_2103 [10, 0, 30, 0, 0, 0]
order_2130 [10, 0, 32, 0, 0, 0]
order_2301 [10, 0, 34, 0, 0, 0]
order_2310 [10, 0, 32, 0, 0, 0]
order_3012 [10, 0, 6, 0, 0, 0]
order_3021 [10, 0, 22, 0, 0, 0]
order_3102 [10, 0, 4, 0, 0, 0]
--- 

+++ 

@@ -34,3 +34,3 @@

 lfd     f1,216(r1)
-stb     r3,113(r31)
+stw     r4,76(r31)
 fsubs   f1,f1,f2
@@ -38,3 +38,3 @@

 fdivs   f0,f0,f1
-stw     r4,76(r31)
+stb     r3,113(r31)
 stfs    f0,104(r31)
order_3120 [10, 0, 14, 0, 0, 0]
order_3201 [10, 0, 32, 0, 0, 0]
order_3210 [10, 0, 30, 0, 0, 0]
